nnnnx sennnronvn 111

Varro Atacinus 81, 9. 99, 18. 137,15. Varro, 11. Terentius rernm rusticorum
272, 13*; w. 457, 8*; 28*. 499, 31* 1115,18 79, 21

Varro, 11.1’91991111937,18.53, 17 (s. add-i. 9, 3 125, 15
55, 4; 15. 73,17. 77,13. 78, 8. 79, 12, 1 134,8
3*. 82, 7. 84, 10. 99, 18. 194. 81 13. vectius 499, 8*. 99911111111191ιί91499,
198, 2. 198,11. 119,15. 111, 23. 122, 17*
25. 129, 21. 131, 11. 138, 21. 392, 8. Velius Longus 94,1. 219. 7. in 111191191-
393, 7. 382, 4. 428, 21. 428, 22, 439, noeirs, 14. in Ver-9. Aen. V 113, 29.
18. 483, 2*. 487, 15. 488, 7. 489, 18. 558. 22
513, 1. 515, 3;9; 141 19. 518, 14. Vergilius 24,Ι 7. 34, 281 29. 58,18. 89,
in Aeliis 144, 21. in 199111 195, 9. 29. 84,1. 123, 8. 128, 1. 218, 31. in
antiquinstinm divinornm 1111 199, 23 1191991991891991951227, librum sunni
11111195, 19.119147,1.11111119911991 9919919998119983, 1'1
77,19.1919999999911191192Λ599·5555111511 1 15 515 22
8119119991111111919919111Χ1181,7’. 137,13. 15 427' 19
1111114531937521.1991119999 27 111ζ15
11919199191911111911913934. 1199911999 30 155 24
scenico 118919. nie notionibus scenicis 35 79 ’15
ιιι ιιι, o. 99919. ne nononecns ,1 71⁹ 11
ei, er. 191, 11. nro. 91. ne ronna 53 1911111199
1911911999,9999 99,, ,,,,
199, 5. ιιι on, o. 99, ιι. ι31. 12. ne 111 7111 ' '
linquo Latina nd Ciceronem 381, 22. 15 155, 15
111377,12. 9181181739181181375, 111 103 5
2918119) 5817. 91111999194,28. 51 22’3 135 2
X180, 3. 131.7. 141. 31. 142,29. 531115 2
xm 19514 139 15. xxn 142, 29. 55 11 15 415 [2
1191999911953,13. 99,Ι8. 149, 5. 51 11’1 15
ιι ι99,19. 1999. 111,·19 91111191 30‘4
de rebus urbanis 111 133, 23 de sono 15 ,1, 155, 15
919199115191111198911(1’91111.). 197, 23. 11 155, 13
129,18, 19119195, 27. 128, 29. (19 22 111115
9999999191919193,28. 119191124,13. 57 111 27
vmnffimmmmffln 5 ὠ,
nie 1119911989, 28. 132, 39. od nnn- 55 155, 15. 115 11
911111(1911191191111111919991115191128,25. 79 204 5 ’
ne annon sermons nn 1199. 11111- ’
stoiienrnnn (19999119911911491,1. libro 1
138,4. 111 194. 29. 91 199, 1 (o. add.).
129, 28. 374, 15. 911738. 9111198, 19. 5, 11
oni Neronem 139, 17. liebdonnodonVliil
147,4.(11191192911119) nn 481111199ᾱί9 51
72, 23. 83, 28. 99,.3 131,18. 111an 5 15
11991981, 8. 137, 14. 19191919991388, 19. 15
1919119959 15. 1118991119 779 88,2. 51
198, 39 131, 24. 1111191911111911189,
25.111911911911919111999111111199-,’,15111513
33333933’,’19.”ἰ’1”113331’1’13333’ἷ) θ’ὲὲ {33} ξ’
499, 29. in 459919898817. 12932. 51 111, 24

Varro Menippeas in Age niodo 118, 8.
in 91991991919 387, 27. in Pintotoryne
195, 5. 375, 27*. in 1199191199 (1) 375,
27. 19 Prometheo libero 499, 29*. in
Triphallo 89, 12. rernm rusticorum 85,15

1 1 ι9ι, ιο
o, ιι nem

11 199, 99

25 sins

119 111, 11

ιιι ine, 11
sn 119, rs

43 18, 11. 435, 28
58 29, 19. 842, 25
oosq? 238. 19
71 342, 14

n. 1 919, e

19, 12 13. 33. 14, 23
13 138, 4
89 13,5.15,31.429, 25

georgicon 1 18 14, 19

2411. 294, 32
38 393, 29
45 499, 1

 

