585 lNllllll RERVM 81· 1811808711

81111 107,4 81811185, 21. 02280327. 8181181158822,24

8811111182, 24. 827, 20 102,14.154,17.308,18.1101111888 singularia intel

natalis appellationi· et pro- 800, 10. 551, 14 lecta pluralia 154, 8. 534,
priam 1181111188, 1 811118111181200, 11 - 17

natis 553, 7 nihilum 82, 88 positione pluralia 1811111111

8118 800, 14 nimie nimio nimis nimiam Ι singularia 154,·1.584,18

81811207, 5 207, 0. 208, 5 possessiva 118, 20. 155,·2.

8111111 188, 4 811 linita aomina 101, 8. 828, 30

8111147, 10. 54, 28. 122, 20. 555, 25 principalia 11827. 154, 21
128, 7. 808, 21. 545,8 8111228, 80, 805,5. 418, 7 8281858518

81111118118118, 23, 118, 10 81181 2481 340,1. 874 23 propria 153, 20 320, 5.
207,Ι. 4003555018 81110025 58811

nauta 53, 20 88 584, 15 8181811 pa 828, 18. 585, 18

81 adamnanum el nepotiana 8881111188218 68888111155,22.824,10

180, 1. 228, 8. 804, 12 08011181818811811181118138, 585, 20
404, 18 15 sono masculina 1818111111 la

na 188181111811111118488, 20 181118154185 1818188828, 82
acbatana, 14 nocta 207, 25. 308 4 specialia 155, 25. 535, 83
necessario 208, 10 nocta diaq aa 207, 17 superlativa 824, 15
necessarius 181, ¹²· 15οι 20 noemata 181, 10 synonyma vel polyonpna
necessitas necessitudo 00, 22 notoaao, 14 158,12.823,1 580, 18
8811188208 28 νομη ή,554 21 τῶν 11881 τι 158 6. 82220
⁹²51 opat 504 15 nomon 152,18. 320,11. 530,8
8118248103083 588,0. a [811111818011111- 1811 11861 τί noar ἔχοντα
8118818301202, 18 81181 48, 5. 00, 28. 118, 155, 8. 822, 30. 5300
8181824020. 202, 1. 800, 10.170,20.180,20. 184, verbalia 155. 22. 824, 10.
10 14. 185, 8. 811, 20. 545, 535, 20. 545, 87 547,ιί
81181204. 35, 28 800, 20 85. 550, 12. nomina ad- nomenclator 108 20
negando 11011111 280, 5 11111118533,30,588,18 nominalium 154, 0. 802, l.
883118838015 appellativa 153, 1. 822, 8. pluralis tortitia declinatio
negotium 554 10 588, 21 nra raaot 1880, 0. 7810
1111111111 84, 4. 550, 12 18881181118324, 14 15118178, 8
818800,15.133,7 150, conposita 158, 21. 801, 28. 08118133, 17. 540, 10
2ος32. 333, 27. 551, 11 300, 25 534,11 . norma 553, 7
8188815511 ι118ιίιιιι111804,2.155,]0. 88118388, 17
noaia 485, 0. 1111111133, 17· 825. 25. 535. 10. 551,32 nostras 501, 4. nostrates 52,
338, 3. 540, 10 sigttistrationo‹lomiaativa ia- 24. 548, 81
neo 244, 10. 504, 20 tellecta conparativa 335, 8 nostratim 221, 0
1181818 70, 4 ‹tertiata-u 154, 27. 823,10, 1808111552. 11
ῃΞΡ111104053101111510111615ῖ1,81.328,0,051115185553524
1181838 3 5⁴1 ’21 13111 ιιιιι 1131. 333, aa. 311.
8188100, 24 15010321,118881838832225 27120
84,580,111.ι1118118118,28 ιιοι·1111ιι11207,30
8181110024 laeticia 50, 1 8811111881 150, 84 324, 38.
Neptunalia 81, 3. 42, 35. 01111188815527 530, 30
338, 8. 550, 11 laxa 328, 25 8818118811 110, 0
nequa 53, 24 (a. add.) gattaralia 155, 21. 585, 81 88102, 20.1·27,1.141, 10
aesinam 35, 21. 03, 27. 147, 1ιοιιιοιι1ιιι8100, 10. 32233. ιι1οιι111ι181181ιι81228. 120
21. 148, 13. 154, 17. 308 530, 11 10. 120, 0. 1880
, 18, 300, 0. 551, 10 811181053510 8801181807, 11
’ 1311131011.. 3111011 11111· ‘³⁷‘ ¹⁰
llll
Nestor 80, 3. 131, 28 parag oga 338. 10 ataliasta ι111ι181, 28 207,· 10
18018 504, 20 paroayara 324 ιιιιιΙιιιιι (1811181207, 24
818111 108 27. 558, 40 8888818082οΙ 14, apar- 8811113317. 3210301οι
81811ιιιιιιιιι208,14 11118111οςιι1ι18403545, 10
naatra 11881οι11118 verboram 37 ang ns 27,” 5. 35, 3-l. 147,·21
11811. 331, 3. 31111. ,ιιιιιιιιιι naso 11813 331ἶι3 3301
50210 8111881888115 l. 323 24 511, 13 551.10
81081552, 14 πεποιημένα 155,·27. 822, nullas 111,7.150,10.·2077
8108155214 18. 585, 34 ιιιιιιι227, 10 30817
8118110214 8111111118322, 20 1088147015

 

