584 tunna RERVM ET vuitnffltvtt

5010515510111102515.38,15. 18. 40,15. 85, 17. 122, Asclepiadem marnam
02,14 117, 18 118, 3 15 133.19.145,27. 540, 509, 00. 510, 135185.
1101503.10.04,8. 1328 40 521,Ιο
555510555511115015484,0 5155111033, 5. 327, 33. 548, 0411400553, 32
50051105055111 120. 28 38552, 30 asparagus 72 7
ans 115115 551515520, 0 41151415501100,9.123,8 ἄσφ52101138,10
5050151115 182, 22 arbitrium 554,0. 1151111503, (1051510552, 11
551023210234, 10 25 549, 34 1100119105543,20.-532,14
501510115313. 11 arbor arbos 43, 28. 85, 27. 5515110570, 3
551050115 antecellor 204, 2 117.9.110,1.121,0 assiduus 75, 0
374,18 arca anonla aroslls arcelluls ast 229, 30
551005 313, 0 320, 0 asteismos 275, 29. 4520
antennae 33, 7. 540, 1 arcano 192, 25 Asterius 470, 20·
antequam 228 25. 395, 1 5150515 2500371111 40111001 478, 20
50111 32, 10. 327, 25. 548,20 410505511010 51011051 514, l 000105 55225
0001111ξῶ235 Ατο11115011101015011015509η3 0110111237
111555 1511115553, 12 27. 510, 111 18, 34. 511, 41111555 121 17
0100 ,aialim 411500515100.5110015101110511111
(1005051001115, 12. loom 515,·1; 13.520,15.529,2 445, 5. 4405
50115033, 7. 540, 1 411111511οε 321 30 01229, 12. 415, 30
antibacchius tersus 518 25 ἄρχῃ paup 1510 33 29 550, 3 4011555155111548228 48²
antimetabole 287, 15 ἆρχ 11552, 13 athleta 1102 ητήςίωθ
4511511504, 31 118, 8 5111110115515122,18 4111511 117, 0
1511501551127513. 402,13 anons 117, 16. 552, 23 1111014 552, 22
551150555115011011843 ardescere 818 8 atque 229 21
5511555111501515011015 50512 1111555310 111110ιὸ5352, 4
antistes antistita 100, 23 1110115240, 14 , 41030541031157,13
antithesis 270 15. 442, 28 arona 103, 21 0115112715
50155505115273,22.274,12.513101000314 328,13. 4111188121
458, 31. 45113 5311, 24. 553, 32 5101050239 23. 21011
500154, 31. 551, 41 Argi 85, 8 4110114115 07, 13
ἀπαρχαί 540, 27 Argo 118, 8 Atthis llngnn 444113
3115111133,1’11 1150110204 4111113351
015111011561540, 24 5180512411, 11 380, 25 attingo attigo 382, 14
ἀπέρχομαι 173,11 nr gutiae 33, 4. 548 37 5115115380, 15
ap os 23811 argnto 33, 4 au dipdtltoapns 888, 2
apox 551, 41 4115111101141, 11 au interiectio 241, 12
ἀπιστία 85. 1.· 1 nnis otarius 110115 nomina 78, auctor ant-nix 44, 8: 10511
5505010515278, 15. 441, 20 ’2.1 32010 30
3515101518, 21 5115111552, 30 auctoritas 51, 8
5115551553, 10 5151533, 25 03, 4. 540, 33 audacter audaciter 185111
aplustre 122, 13 51101115 55315 5011511 latta
ἄποχυτή5100553, 18 550100 552 24 5111115177,2.248,0.250.11-
555011511280, 17 550155 554 9 attali. 348, 27
1101000270 21. 441, 31 5115552, 85 audientia 48, uastat
111101501φο ’552, 2 1155110511 552, 85 510254, 20. 348, 88
«3010214001 553 l 51042. 9. 4213 avia 88, 25. 540,.’14
Apollo 89 4. 04, 1. 118, 0 5151111115050110525, 25 anis 120, 24. 122. rati·
apologismos 285, 7 5151547432502, 17 1207
5501152833 5150550 552, 24 augur 137, 0
apostrophos 435, 10 5111100127,14 augurale 185, 14
0115110000 245 3 5111051530105, 15 Augustas Kalendas 12⁰8
appellatio ’120 17. 533, 21 5515555100 553, 25 4111011115 matt
505111511νο nomino 1113151105 45. 0. 552, 24 aurichalcum 34, 0011011.
322. 5. 588, 21 51100110 452 20 551124
apruguus8818 511015 554 9 auriga 272. 13· 2·5 ,
011110 552 7 511142,9.141,19 50101534,10.03.14.151.1·
5515530112308Α11309, 1111,’1.05,1’510,0.111, 5101115511 51111
p.8 551. 25 20. 540, 20. 552, 24 4111111101470, 7
apud 234, 0 55110115 1155115510,3.20,20.5115111115 5110001151 203, ’41
aqnulisaqualoaquulinm aqna· 40, 11. 55. 11. 1208304, auspicor 5500013809
111110 110,20 5. 587, 19, 541, 8 aut 417, 20
ar 110115 uomina 20. 11. 38, 5551555310 authepsa 552, 30

 

