101101111111311 ΕΤ 1000011111 , 091

ulium 10111111101142, 3111 112, 29. 144. 8 11111101οη111 10,10. 430,13.
220214. 143,10. 140, 31 poor linita nomine Graeca 24, 111011 04, 19

mm
ffiffimmum.
wi

3. 84, 17. 040, l. hic adverbium 270, 17

grossi 90, 4 hieto 343, 13. 344, 20. 340,4
311111 32, 21. 048, 27 hilariter 1111110 200, 10

31111110 3111111101 204, 0. (111111111111111 384,1 hilum 102, 10

313, 21

grundio grunnio 247, 4. 383, 010 343, 13. 344, 20

31111131,1011111.048,14. 20 · Hippocoon 04, 20. 131, 33

004, 10

3101111101272, 20 ,1111 24, 20. 30, 28, 42, 10.

311111 11131111. ossi 3111 103, 28 , 040, 10. 040, 30

3111130, 32. ot, 29

311 linita 10111111 24, 9. 84,
20. 120,4

3111113314, 049, 12

γεῦμα 002, 28

310011 gibbus 80, 0

311319111 33, 14. 328, 1.

gmmumm mmmmmu
gustus 002, 28 hisco 343, 13. 344, 20
riute 42, 2 Hispane 200, 22 ·

Hispanus Hispaniensis 1000

1101111118, 10. 10, 0. 73, 011111149, 4. 030,1

17. 70113. 82, 7. 00, 0. hodie 110, 11
102, l. 103, 21. 100,12. hoc 238, 24
100, 0. 200, 20. 42310. Homeristae 484, 10

git 34, 27. 30, 28. 10.), 7. 424, 23. 43019. 402,12 11011194, 4. 102,20.132,8

131, 7. 040, 30. 001, 17 habeo habito 344, 33 ‚ homoeoptoton282,il.447,l2
31111 131, 8 0101111 131, 30 homoeosis 277, 0. 403, 10
gladium 3111111111 37, 10. 0101111002, 28 homoeoteleuton 282, 9.447,0

100, 10. 030, 23 haereo 244, 12. 202, 0. homonyma 100, 10. 322, 33.
3111311131111142,3.13),3. 307,0 ” 434, 0. 030, 11

131, 10. 040, 22 halica 90, 8 homunculus homuncio 94, 4
mmmmm nwmmu Mmmumm
‘mmmm mmmmebwss ·
Ὶὶθΰῐός 503. 7 herens 103. 21 0011111111 1110111338, 1ος 33
3111311111311111111 42,10. henli 0111 112, 8 00111111 002, 8

87, 22. 131, 10 1111110111 93, 20 1101101 382, 21. 002, 13
(3100111114 verm 519, ²⁸2· heber 1110111111 0101101111 83, honus 827

5²⁰, ¹0· 532123· ffliffl· 10 hospes hospita 100, 20

nium (1111111111 010, 22 hebes 132, 1 humane humaniter humanitus
311111278, 4 1101101· 43, 20. 80, 1. 131,28 113, 23. 110, 11. 184, l.

0110 383, 17 hellenismus 440, 22 400, 20. 000, 10

11111 420, 13 0111241,18 humilis 114, 11. 132,10.
30113111 24,8.04,23.010,0 hepar 132, 20 000, 28
primm 84, 23 01111111111101101111012, 10 1111111121, 10. 400, 11
1111110ςο032 , 1111111111 000,4 113111118020
7·ssoe 001, 40’ herbescit 203, 3. 341,17 hyperbaton 270, 0. 400, 23
(1110101182, 7 1111111111 132, 17 hyperbole 270, 23. 280, 12.
gracilis 114, 12. 131, 0000, heres 102, 20. 132, 10 461, 21

28 0110111200, 11 hypermctri 1111111404, 24
(11111111110111111101111131,0,011111 104,10 hyphen 434, 30
gradatio 448, 8 Hesperus 128, 3 hypocorismntn 37, 8
gradior 370, 4 hesterno 200, 20 hypozeugma 444, 20 .
Gradivus 470, 20. 477, lt heteroclits 30, 31 hypozeuxis 280, 18. 444, 21
3111111 1011111110111112,13. 1111 238, 24. 239, 2 hysterologia rel 0311110111-

324, 10. 03018. 000, 30 011111111111111111111404,12. 11101401, 10
Graeciensi, 0. olm bucolicus 490, 10. ‹iucly-
3111111111340, 22 11111 400, 10. iob, 18. 1111111118, l. 13,10. 422,
3113111107, 19 epos 484, 8. 494. 30. bc· 14; 32. 424, 20. 428, 17.
grammatica 300, 2. 421,11. 101111494, 01. iambicus 403, 7. 3111111111 11 31111-

420, 12 017,10. 1013114114, 31. 11101113111111 2311. 71,
3111111111111421, 11 9111ρί11490,9. Pythius 2. 78, 4. 122, 0. 141, 0.
3111111110 344,0 490,1. spondiacus 490, 303, 01 10. 030, 21. in
grundis 100, 20, 030, 28 21. 400, 13. 01318. he- 10111110111311111171, ll.
311111 33, 13. 328, 4. 040, 111111111031111 400, 11. 40, 14. 78, 0. 70, 3. in

ll incisiones 497, 4. virtutos 1111110 11 ablativo pluralis
(1111111 3313. 328, 4. 049, 498, 24. 11111498, 28. 23, 20. 43, 32

12 versus ex hexametro ducti i linitu nomine 02, 28
gratiis 200, 7 000, 10. 011, 30. 014, 0. isoio 240, 0. 370, 4. 370, 3.
gremius 002, 8 010, 14 000, 17

 

