1666111611111661611661611 aaa

04, 25205 15· ll. 117,18. 118,25. 110,.3 61661366 verborum speeies
.222, 4. 540, 30 346,Ιο
1,16
33, 6 327, 33 61666 6166666 252, 21 344, 2, 6111166326, 17
52, 36 albus 72,Ῑο , 6161616166 326 13
17 Α16616661 1116111161 500, 32. 6161616 367, 26
1611166675, 18 510, 13 6 520 21 521, 30 661161116661161166118, 15
11 - 111666 nint animosus 326 17
4 616 are arium 66116 nomina 3111111552, 20
3, 231416 118, 34. 136, 23 5111111554, 26
666,17 120, 32 ulae 33 3 amnis 122, 23
1,3 ἆλευρ ον 553 21 1161161616 554, 7
666276, 16. 450, 6161666666161661166683, 30. amphibolia 271, 26. 450, l
8 “ 122, 3 “ amphibrachys 470,8
6440, 23 4161168014 αμφόὸια 550, 2
85,11.121,12. 6136 553 17 5666366552, 25
6136636, 5* 616ρ1161616,61.106,11.161,
613 g1136, 5*. 122, 20 26. 553, 17 ’
12 alias 104, 20 amplector amplector amplc-
03, 20. 120, 33. 6116606, 8 1663847
28, 13. 550, 25 alicum ahoe 328 ampliter 70, 13. 105, 12
6111116133, 23 amplius 105,6 -
450, 32 altae 32, 3 amuletum 105.0
4 aliq 1116 150, 7. 550, 30 amussis 108, 26
5 85,11.121,611366136,7.180,7 66 procum 220, 15
ll 611166104, 22 66116116 nomina Graeca 25,
,20 611661 70, 27 26. 145, 6. 540, 36
so,10.82‚19.auus 153, 25. 150, 27. 163, 61611366165524
1,4 16. 322, 17. 333, 28. 6116 46666666116616166650010.
,14 150, 30. 333, 22. 558, 30. 512 6 anacreontium 166-
11. 120, 26 556, 561, 12 16661520, 21. dimetrum
allec 32, 8. 327, 24. 548, 12 510, 18
,8 Allecto 63, 26. 117. 24. 127, anadiplosis 281, 11. 445, 7
,16 10 urum 6522
12, 22. 321, 0. alleg 6616276, 4. 461, 31 66636166661666666242,1·2
ἅλληξ 32 8 548, 12 dvoepvppt'upotu 550, 1
6111666244,17.367, 11 6661361245, 5 ’
18, 7 61113 amentum 553, 32 66616316513.116,30.381,
5116161166680,17 15. 430, 20. 456, 5
66611166 30, 24 anapaestus 478, 28. 6661166
6166166244, 23. 248, 3. 375, aticum metrum 504, 30.
14 511, 18. 6116616661 511,23.
rippina Agrippi· ἆ166ή616540,31 517, 28. dimetrum olant
,20 316616655317 anaphora 281, 15. 445, 13
’.40110321 10· Alpes 33, 6. 548, 38 anastrophe 275, 8. 460,26.
· ἄλφιτα 553, 25 coniunctionum 225, 0. 236,
ἃλς 552, 33 22
61166 163, 10. 322, 17. 558, 34 &moisi 552, 15
alteruter 158, 31 ancepsaneipes 47, 31. 43, 10
1111661553, 33 88,11.116,11’.141,16
12, 10 alvaria 106, 31 6661111162, 18. ’,81 22
15 alumen 38, 10 Anchises 3661116620. 10. 67,
,12 alvus 21 10 80, 20 12. 123, 6. 304, 4
8, 36 am praepositio 230, 13. 231, Androgeos 02 7
58, 35 11. 236, 24; 26 ἅνεξίκακος545, 40
37 661666 11, 24. 405, 36 angelicum metmm 512, 33
0, 4 6166661228 , 6636 6636624516. 240,12.
16,5 amasco 343, 11 380, 26
1, 30. 5523 amasius 343, 11 6636160613
550,5 ἀμαύρωσις 550, 0 angulosum, 40
1666111166 25 15. Aulazon 118, 21 augustinusait. 548, 37
1, 20. 40, 15. 62, ambages 40 1 6666111611 55225

 

