504 1110811 1111111111 ΕΤ vaaaouvir

lautomia 540, 17 litterae 3310. 328,2. 540, macies 35,15
1013315.103,24.545,0 17 1110001· 35, ta*
101001 103, 24. 328, 28 11110110101110111111107,5421, 010010103111271,12.411111
10111011 54415 14 0010110248,13.202.7
1111101553, 22 litterator 421, 11 mador 55212
lemoree 32, 23. 327, 31. 11110111010421, 11 Maenalus 327, 2
548, 30 1110012315 88, 5. 87, 17 1111010135, 15. 551 ,3.55211
lendes 32, 21. 327, 27. 10300 011100 553, 5 0110111110 35,14
548, 28 1001110001011111203,12,15. 0113011134,2.328,8.5111
1000100033,15.545,5 0110110015οε 0151001830 10
111101 554. 31 232, 3· 28. 404, 33 pay yet (10200 553, 10
1001 amo. 550, 28. leu- locelli 70, 20 101311 010302732244131
11111200 1οχ020 554, 21 magisteriali 107, 22
10010203, 35 100011 3222 22. 73, 20. 327, 28 magistras 548 32. megia*
lenticula 550 28 1000137,22.,70 14. 327,2. 101 32, 20
10110101110000 34320 548, 23. 551, 27 magistratus 32, 20. 55211
leo 38 15. 05, 2. 03, 38· λ’ oc 5538 1111001113 111. 11017
328, 28. 545, 0 101113 0543, 14 11110107, 11. 120,10
leoninus 03, 30 101130 203, 17. 204, 10 maior 137, 27
Leontion lo't. 1 longinquitas 100, 4 maiores 32, 23. aaa
1001110204,18 10031101 204, 14 548, 30
lepus135,18 1011311000100,4 materiata. lamalbi
’10111011154020 ·10030111204,5 24. 200, 1
1011310 452, 32 “ icimur 552, 37 0101111032, 0. 548,8
leriq uiae 452, 31 15101510 loo, 5 malitiose 200, 0
11100 78 20 1001ήο 553, 28 3101103552, 38
10111013211.35,13.548,15 Lucanicum 04,12 malo 247, 11. 380 14
levir 24, ’.20 548, 15 1001120112 10. 38, 20. 0111101001000137,10155.
lex 141, 18 85, 10 145, 28 10. 551, 37
1100001151 554,0 10000 244, 18. 247, 2410010102100110011 11312
11501 0101100 552, 20 504, 31 110, 27. 157, 3. 32411
Liberalia 34.1. 42, 20. 143, 1001203, 27 01101005110111101011 327, 11
24. 550, 7 luctor 201, 7 mandativus 1001101 33310
1111010203,30 attenuatam 111111110Ιο 553, 23
11501132, 21. 32527 518,111001270,15 maudo mandare 250, 14
28 1011132,22.327, 28 01111100101101024015 ’255
111101111111154,10.304,24 1110111001502, 13 14. 372, 24. 505, 23
libet 253, 10 30811 lmlo 202, 3. 340, 21 μ1110001540.2
libra 553, 0 lugeo 244, 17. 247, 24 manduco 304, 28 372. 21
11000 318, 20. 308 25 504, 31 1110110110, 2440530
11001 iuperronole 107, 4. 253, lumina 34. 1328, 10. 550,8 malloo alaaa
8; 10. 308, 10 Lupercalia 550, 10 nutrires 32, 24. 327, 25-
11001 coniunctio 227,27. 303, lupinus 83, 31 548, 30 i
28 luscinias 1111011110 552, 10 1110111203, 20
licitatio 553, 0 1111111101553, 38 554, 18 manlio sle 102, 22
licium 553, 38 1011110033,10. 54017 ,11111110 04, 10. 137, 38. 300, 1
1111112813. 38,1. 87, 1).qu 32, 0 327, 20 548, 7 27. 543. 21
541, 23 111111110131,18;21.118,10. 01100110100110011011111331
113 110111 72,0 305,4 .547, 24 1111110011033,10.07,15-
ligula 104, 5 luxurio luxurior 378, l 328. 2. 540, 18
Lilybaeo 203, 32 111111155211 mapalia 34, 2. 550, 11 “
111110 553, 21 1.) 100 lliaira 480, 20 μαππίον 553, 23
1111111132,2. 327, 18 lydiastao 481, 4 11101034,10.01.1.03,20·
linguatam 1010104817 121, 3 135. 8. 13th
lingula 184,5 1113301321 300, 22. 550, 22
11110 240, 7 370, 0 10100103 20, 12 111113οι1101111131111011157,27-
tiq1100253,8 1001155212 ,,108 4
ltquulae 11110100 8,.8 423, 2 1110040, 3. 542, 10 μαργαρίτης 108,” 0
liquido 183, ll ·- 1001001110 550, 13 margo 85,8
111170, 10 11010130, 20
1100310132, 21. 548, 27 1111111010 0, 14. 425, 0. 452, ,110111 110, 7
liticen 28,15. 38, 5. 87,17. 27. 453, 8 5101001111 183, 10
541, 24 Maccus 488, 20 1110127, 3· 60, 20

 

