500 INDEX RERVM ET vnnnonvtt

41110 200, 24. 307, 23 41110 243, 3 gaudeo 177, 3. 243, 3. ss
411114 113,11 050, 5 frigeo 244, ,10. 447, 23. 21. 307,0
,1444444 444441·
40. 004, 44 41,οΜ0,’11.441,44,1100οπ14104,10
0111114341, 347, 13. 5434 41004410111114 30,0. 130, 23· η’ 34,10
4130441411 001, 43 γηςσωρός3414
iaia 142, 48. 400, 34. 327, 110114 11011114 430, 31 ,0103014400 343,13
12. 333, 10. 055, 27 4111114130,10,0111 30. 32. 00, 23. 054,Ιό
¹⁰ ²48,15·²w,2⁷a 35825 11113083310· 86, 10. ⁴02²· geme 33, 13
381, 0 03, 13. 327, 30. sant. ,011011 nominum 17, 3. nt .
4111011111111400,1 001,43.4111,14503,2 8 3014. 32110311. ²
44101111 0033 41113130, 41. 04, 43 3338. ρι’011011111111111157,8.311
flagellum 551,l1 100,1.104,17. 308, 13. 10. 007, 9. 10100111101
4111111111 2313. 38, 8. 37, 10. 300, 3 051,10 21. 103, 10. 33113431.
041. 44 frumentum 34, 43 33, 8. 32
00111004111403,3 348, 10. 000, 47 genetivus 1113111111Ι ori*
11011111 054, 14 111101 310, 40 declinationis 111 41 273¹-
Floralia 143, 27 ints 130, 43 442,12. 111 as 18,11.
noctuis 143, 12 frustror 11114110 403, 10, 20 107, n. 140, 10. 533, 24.
1111114552, 27 1111414130 411113400001114111111111
401114 502, 0. 100132 10. 11103732 etii 23,11. 71,2.71,4
347, 20. 048, 24 111411· 233, 0 ” 122, 0. tertiat· 1101111101
foedus 551. 20 fugitans 33, 20 nis iu 3114 010111 20,Ιὶ
totns 002, 23 1111,10·244,13. 24145 85,18.145,27. 111111
fontis 552, 27 1111110 247, 3, 20 0111114 33, 2. 03,8. ia
iona 142, 23. 123, 10. 118, 2 41111111 57 20 111114 nnio ontis 01211
ior 310, 24 41111111432.1.043,4 131,33.111011401011143
1011111111 50414 Fundani 111, 23 24.85,·24.113,1.121,0
forcipes 04, 21 01101114210,20 131, 28, 130, 1011111141
iore iorem 373, 20. 41111110 2411, 0. 200, 10
40104 33,10.321,30.5411,8. iungar 230, 12. 310, 13 55.1.128,17.133.15
ioris 553, 20 tunicata 120, 22 143,12.533,11.11 18
4ο11111502,3 inuis 120, 22. 123, 25 54,31.130.12.143,14
1111111404,21 4110 380, 1 ,111111111111111111110114111
401132,10.327,20.0-18.25 411130, 1442, 1181, 10 55,13. 111510101003·
4011111053, l 137, (i. 1311, 18. 544, 17 1111431,18.113,0.330,1
Formiani 111, 23 iurans 1111111111· 190, 13 517, 25. 11011ιί111111 Gnata-
fornax 02, 23. 052, 27 furax 4111111111 100, 13 rum in es 0111101111 231-
111111111052, 7 4114111432, 10. 03,5. 327, 41,10. 07, 21. 08, 13.
forpices.tt·1. 31 20. 518. 24 132, 17. 541,33. 1184.
ints forsan forsitan sortasse 411111 370. 1ος 23. 380, 41 24. os 02, 7. ,1111111401-
fortassis 180, 13· 188. 27 t'nror 1111·111·14051.2 moe declinationis in un
fortis appellativum 14 pro· 41111111111114 002, 27 ,110 arum 55, 21. nn. 14.
1111111140011130,30 41111111 183. 7. 100, 18 301. 20. 41111111110111111
fortunas 33, 13. 328, l· 4111111·1144111·111·0190,18 tionis ιιι 11111 pro 1111111110.
010, 0 0,103.14.120,20.141,
40,11111327,0.004,13.1ο-,,·11’1101110,7.383,17443, 3.120.10.307,18.111
1114 11, 27 2.0 1-21, 20 111111111111111011141110111111
40440140441111·14,12,1141133230004 04, 24. 1111111142,18.13.
1111·1·111·ἴ)·18,11 ·,ιαλα 3·,1 311 11. 46, 18. 47. 9. 7313·
4111,ἰί14 130, 22 γαλήνη 554. 32 83. 5. 122, 3. 124,23
1“1ιι,1111·11131,4 ,11111114 ,1110111111 ,1101111111 125,3.123.3;111. 1311.
4111,11310. 10 00 5 1 130. 24; 20. 138. 0.
11411,11240,8.202,5.373,2 ,1111341341200407 111. 111. 142,12. 144.
, 111111111141·011132,20.31,4,4,;11111111110111111111111111514,12 27141128, 14821411.
113, 5 38, 17. 327, 13411111 a 553, 211* 20 3055. 5423115401·
27.048,20.001,281111111111111004.15,11111111(100111011011141101111
1111Ι11111111111111·1111·1255,23. ,1411111 ,1111111328 28 11 erum 31. 18. 305.ss-
311, 28. 501, 22. 003, 4 3515? 041128 547, 23. neutrorum 0111
11111111 553, 35 ,4ρονὸῦο 31 1011111111 41111111111111120.
1111114111411 1211, 0 ,1111111134 30. 338 0. 42. 23. 52, 1: 22. 01.
fretus porticipt'ma 130, 0 ynota1'916,5. 510,l3 21. 131,10. 141,23.,)11·

 

 

