604 1100118 RERVM ΕΤ 7113303711

taedet 167, 2. 253, 16. 311, ’111111111111111 24, 7. 83. 11136, 7. tw
2050015120 30. 3125. 12110 540,.511111150, 10
111111 221,8 11115244, 20 262, 2 τόξον 552, 23
11111043 1111311543. 14 11111111 221, 0
1111111225,31 θάλασσα 34, 16 tragoedia 487,11
1111111453 θα1261553, 14 traho 257, 5
Tanaquil 20, 14 θαμβοῦμαι 244. l 111111105111111111111111111554.
tantisper tanpister 453, 1 θεατρικὸν ἄργιὶριον 38, 20 31
tapete tapetum ot, 20 θ 11111111 5115,11 transeo 173, 10
tapinosis 271, 18. 450, 27 θεμιτόν 513. 35 transgressiva speeies 111111-
ταριχ χεύω 565, 0 51111111151051510,1111315,4.157,1
1111111111 37, 3. 327,2 360 transitus 286, 10
ταύρειος 553. 34 θερ 11111111 554, 10 1111111111 180, 20. 407, 28
11111111311271, 10. 450, 16 θερισμός 553, 6 ιρ1βω 2438
tax pax 23012 θέσις 552, 20 tribrachyn 478, 31
taxillus 04, 3 thesio 474, 32. 502, 17 tribulum 5515
τάξις 552, 15 7111111111111ο143, 20. ffl, 2 tribunal 110, 3
711111116310 θεωρίαι 34.7 1111111111111 tricliniaria 77,4
11121142. 0 theonesti. 13 trigae 33. 7. 54112
1111111 554, 30 thorax 02, 28 1111111 144, 25
1111112, tntu, 18 θρησκεῑαι 540, 3 trit 230, 10
teg 11 122, 20 θριδακῶδ ης 326, 17 triticum 34, 23. 328, tt
tegmen 554, 31 θρῖδαξ 3211. 17 550, 27
τέκνα 548. 28 θρίξ 552, 10 11111111111511111144,·’1.50,1.
temere 110, 20. 221, 11. θρόνος 554, 4 543. 34
22212 3111115 552. 20 1111111111477,·21
tempestht 221, 18 Th, 11111 08, 2 trochaicum metrum 50110.
temporo κρόταφος 34, 8. 3111111111 552. 28 1111111111111115111115081.
550, 10 31 μέλη 512, 10 Hipponactetta507,2ll. sep-
temporn 1111151111 108, 3. θύραι ’540, 8 111111111507, 23
335. 14. 502, 37 tur-tpo θυρεός 554, 5 τρ11111554, 14
1111115111111115 262, 25. θυσιαι 540, 3 tropi 272, 1. 284, 5. 4438.
388. 10 1111111402, 10 450, 20
1111111111 540. 32 111111112814. 38, 0. 87, 16, τρος 111111 nomina (111111
11111111111151 245, 2. 250, 5-,11 21 24, 3. 81. 18. 54111
27. 37112 Τ11111180 30 1111111215,20
tenebrat 33, 23. 328. 5111111 2015 .554, 24 1111112115. 541124
510, 32 111111 381, 3 τρυγία 552, 8
1111111248,1 300 ⁸23· 372. 1111111111, 222, 13 1111112552, 20
17 11111135, 13 τρύπανον 553, 27
1111111111 343, 8 1111112521 115,5. 540, 37 111145, 14. 131, 21
1111010160011101183,73 Titns Titiano. 33, 31 11111111186,2.221.1“1
1011181370, 11) 1ο,,1111111111480,14 111111 131, 7
1111111400,10.233,3 τόκος 553. 13 111111112814.3858110.
11111011248,13.26·2,8 1511’11111111·.222.8 541, 24
1111115553. 27 tollo 245, 5. 247,27. 2482. 1111111262, 10
11111 13214 251, 7. 202, 3. 350, 23. 111111111111111 222, 10
tergeo 244, 14. 307,0 372. 4. 380, 11. 381. 7 tumultus 22, 10. 530, 13
11111111111111171, 20. 140 tonitr-1133. l. 35. 30. 140, tunsio 245, 3. 248, 2. 372
3 554, 5 10. 554. 31 18. 565. 2
Terminalia 34, 8. 42,20. 1111111170.15.243,.7 348,81111111111111111142814130.
32810. 51128. 550,15 111111111111111 14 11 145, 8. 552, 20
1115 240, 12. 218, 4. 262, 3 τοπαρχιά ,551 30 Τ11111111115111111111511116120.
terro 34, 16. 553, 22 11111111111111111144,3.50,1. 144, 30
terrester 124, 27 543. 31 1111111552,21
territorium 554, 30 ton-nial· 21110. 85, 10. 145, turricula 125, 22
11111135,13.551.1 27 5-11, 4. 554, 30 innisi 30, 17. 47, 16. 80. 4.
1.111.111.11.111,1 1111111111 111 11 111111 111111.
111111111222.13 1511111121. 10. 42,32 52, 542. 20. 5-14. 14
1111111’111135,32. 05, 30. 23. l',ll 10. 541 30 1111111 :to 14 811 15. 552, 20
145, 23. l·.l3 13 1111111111111554, 30 111175 13. 554, 1
1111111111 221,10 111111111111111186, 11 tussis 122, 27. 120, 17
1111112786 441, 3. 452, ll torques 145, 10 tuto 102, 28. mo

 

