innox 11311131 ΕΤ 1311000111 605

tutissimo 102, 23 25523. 344,27. 561, 22. vindiciae 33, 23. 549, 32
tritomo 548, 12 563, 4 vindico 365, 1
τόχαια 550, 4 1115111111 166, 4. 16714121 vinea 05, 7
τύχη 32, 2. 548, 4. 554, 15 inchoativa 252, 0. 343, 1. rinetnm 554,ss
τύπος 553, 2 561, 21 1111111111 04. 3
inpersonalia 166. 16. 253. 1111112810. 34,20. 038.
ιι 1111111 8,1. 0, 6. 75, 4. 5. 337, 33. 341, 20. 363, 04, 3. 328, 22. 550. 30
422, 14. 425, 32 3. 307,11. 562, 14; 36 1112421. 3520
ιι 1111111 nomina 31, 4. 65. meditatim 346, 1. 561, 21 vires 33, 23. 540. 32
’111011131115113 1111111346, 8 virgultum 554. 33
1111111 345, 24 neutra 165. 12. 168, 27. 1111111 553. 28
vada 34, 9. 32812. 550,18. = 337, 3. 561. 37. 562. 10 11111111224,10
vadum 554, 7 paragoga 256, l. 370, 5 1111121, 15. 23,14.32,14.
vadimonium 554, 32 passiva 165, 1. 166, 1. 35. 20, 74, 27. 327, 22.
valdissime 222, 21 107, 15. 168, 25. 254, 2. 538, 33. 530, 26. 541318
111111 40. 4 336, 31. 562,4 virtutes orationis 456,3
vapor 552, 22 rupina 337, 13. 342, 0. uis 111111 1111111130, 18
vas radis 27, 3. 66. 20 562, 10 111 32, 7. 42, 14. 80, 14.
vas 11111 146, 24. 30524. transgression 346. 4. 357,4 542, 35; 38. 546, 34.
307. 20 1115111111111111155,22.324, 548, 11
uber 554, 6 10. 535, 20 viscora 34, 0. 00. 23. 328,
ubi 455, 18 verbena 553, 14 12. 550, 17. 11111100. 23
ndo 552, 33 verbera 34, 0. 03, 18. 326, viscum 111111 32, 14. 548.
11 433. 20 11. 550, 16 10. 554,0
vecordia 32, 7. 548, 11 rorgo 245, 15 1111111111 1111111111111240,1
vertigo! 02, 0. 146, 31 vero 1111 103, 11 vitatis appellativum et pra
vehementer 224, 21 vorm 246,0. 247,31.262,1. priam nomen 146, 15
vehementissime 224, 10 377, 25. 370, 16 11111011111111270,22.440,5
vetio 248. 1. 372. 12 1111111404,10. 1111111111 vitiosius 224, 8
velocitas 35, 10. 551, 6. 502, 7. brachycataiaetus vitrum 554, 33
velox appellativum et pro· 50281111111111115027. vix nomen 42, 14
prium nomen 146, 23 51111111111111502, 7. ro- 11 iinita 1111111130, 11. 544,5
11111111 140, 21 ciprocns 516. 24 uligo 65, 11
vando 368, 24 11111188,10.272,16.552,21 Vlixes 23.5. 68, 23. 132, 17
veneo 173, 10. 247, 17. 111111247,30.377,25 11111150,8
331124 111136, 1. 65. 20. 60, 0. 111 236, 30
venor 562, 13 14610. 5566 111111ο111111111113, 10. 156,
venter 46. 5 vervena 553, 28 32. 324, 36. 408, 6. 536,
11111111 554. 32 vervex 553, 28 33, 556, 4
1111ἓέ 633ἒῖἶ 327, 32. 54836 1111112420ἐέ.ξὲ2,10.380,24 nutatim& 6, {affl-{3 ᾖ
ver , vespera , nm ma nomina ι ,
veratrum 554, 7 vospori 223, 10 umus 265. 22
verbam 164, 12. 243, 1. Vestalis 146, 10 111222,24
334, 1. 561,10. coningo· 1'rstini 163, 16 unciatim 223, 16
tiones vorborum 168. 34. 111111 122, 28 11111553,14;27
3412151116. 1111111 1111111 561,4 1161224, 17
verborum 305. 11 Veturius 193. 7 1131111113111111326,28
1116115111111 342, 32 1111160. 0. 147,6 “ 1113124515
absolutiva 337, 13 ni 1151111111117. 15 unguis 37, 14. 147, 7. 155,
activa 164, 28. 165, 34. vicatim 200,4 15. 326. 28
168, 22. 336, 25. 501, 35 1111111111 36,11;15.551,23 nngnlo3‘1,l4. 1551532628
ambiguo 346, 10 1111103. 18 111111 223,3
communia 165. 4. 111113. vicinio 00, 26. 223, 11 1111122226
168, 32. 337,15. 56210 vicinitas 00, 26 11111111 224, 13
confusa temporibus 257, 7. vicissim 224,5 11111 150, 2. 550. 21
358, 20 vicus 99, 25. 552. 22 1111111111111320. 23. 533, 24
corrupta 250, 27. 384, 20 vigor 35,13. 550, 37 11111117, 8. 422, 4
1111111111248,6. 250. 27. 1111 viliter 116, 7. 183, 14. 111111111111111111111111011-
346,11. 350, 10. nont 187,7 1ο111123,10.24,30.45,
(1111111111165,18.168,20. vilosco 344, 5 14. 71, 7. 78, 0. 70, 3.
337, 23. 562, 5 11111553, 28 150, 10. 33Ι,14. 540, 24.
depositiva 337, 13 vindex vindicator vindicatrix 561, 6. Graecorum in 11
frequentativa 111 iteratim 50,4 1111111111 137, 21. pro·

 

