570

mx summm

Verg. georgiconl 120 10020
178 208, 30
183 200, 0
189 214, 18

m mm
πω &mmm
m 0000
m mn
mmmm
000000
- mm
mmmm
w 00
m ms

'ua οη

21018
402,3
0012
0010
103, 22
417,Ιο
1308
4804
. 343, 23
372,10
374,7
480, 0
2000 ,
454, 27
417, 27
417, 28
4400
270, 5. 402.1
405,14
73, 22
00
53 40010
00 sq. 208, 32
81 3704
80 εᾳ. 403, 20
104 548, 22
128 14,0
1135 sq. 400, 20
108 sq. 238,ss
184 0018
180 20018
215 342,17
230 201, 25
311 200205405
344 sq· 4403
300 05, 13. 5105
307 21014
381 2701040032
4504 01, 27
550 323, 25
553 412,0

mm mm
0 0000
m 00
0 &mmm
0 mss
m mw
m mm

νει-ς. georg. 1111 107 418, 27

100 31017
. 181 312, 22
182 54013
200 221,10
208 328, 23
285 81,0
31509. 437, 31
385 412, 24
447 122, 23
453 101
554 342, 25
55οη. 41010

Aen. 1 1 12,15.13,27.01,5.2101

450, 0. 407,1.501,23.51
8.515,23,510.1.517,ἶ
205, 12. 443, 31. 4502
452, 3. 407, 20
270 10. 270, 14. 4422
45021
. 227,13.303.11.453.1
40034
1003
” «1201
438, 3. 517,1
2008
434, 21
2 20018
. 281. 8. 444. 33
218, 30
2708 ’
208, 7. 434, 28
42013 .“
08, 21. 205. 13. 452.
’ -153, 14, 400, 20
404, 20·
42012
417,12
4208
50014
273. 7. 45010
02 sq. 417,4
04 20032
05 40024
00 sq. 4108
05 2302
00 157,17.537.10
102 2302
105 -157, 23
108 sq. 275. 18. 401. 12
111 34221
113 2005307
114 sq. 4010270114. -150,ῖ
117 88, 20
120 13022
130 434, 32
144 3708
147 434, 25
140 74. 24
150 12,17.428.3
170 4503
178 sq. 2800
170 40020

 

