lNllllll illlllllll 87 llllllllllllllil

Α littera 9, 1. 378, 30. 1212 050110 050000 582, 10 aetus 551, 40
0001100010100 51, 28. 52, 8. 050100 373, 22 0010100 191, 25
53. 30. 120, 9. 0010010010 Abraham 118, 11 0000 211, 27. 217, 23
000001000111011.11010110 acyrologia 270, 23. 11111
101100 01 feminina 101, 13. abscondor 375, 25 00 praepositio 231, aaa
108, 1. 538, 5. 511, 21. 0500111111 1005010οι specics. 8: 30
000110 25, 8. 12, 20. 52, 312, 32 00 pro 0111001 229, 9
·2; 21. 53, 21. 123, 3. 131, 0501010380, 20 00 000000, 00 0 quasll5,l
10. 110, 5. 111, 29. 111, abunde 0500000100 213 22 Adam 118,13
17. 307, 20. 511, 30 000000 315. 5 000000110173,11.315,1
0 05 praepositio 232, 21. 0000000130, 28 adfatim 93, 20
238, 2. 111, 31 accep tor98, 9 0010010 00100101 atat
110110 238, 21. 239, 2 accerso 258, 8. 370, 11 0011110οῑ110 10150100ομ01
8811010110 235, 17 00010 238, 11 39811
1151101000 38, 9 accipiter 98, 9. 122, l adiectiones, 0010011010 nomn
Abellae 35,8 accusativus singularis 00011- 136, 16. 323, 3 333, 30
0500 173, 11 000 0100001001· 10 an ex· 336, 18
attractant euntium 283. 10 011011, ad 1110110093,28
ablativus 117,17. 302,1.18.100127, 17. primae 0010110091.18
303, 30. 551, 31. pro ge· declinationis 10 00 202 020101011010 551, 9
1101100011101100010110318, 533, 3. 10 011 20, 5. 101- 0011110 585, 13
35. singularis tertiae do- tiae declinationis 10 0 85. 00010000373, 17
ummmauarmu‚n.mmmmwanmuwffi
11.27,.’15 39, 21. 13, 8. 17,11. 89,1. 128,8. 129, adprime 110. 23
18, 18. 17, 3, 11. 18, 22. 17. 308, 23. 51229. 511, adsecula 52.0
59, 8. 80, 3. 88, 22. 89, 12.· 10 10 29, 17. pluralis, adsentio adsentior 381, 23
21179210. 11113110, tertiae declinationis 10110 adsideo 0110100 295, 37 311·
17· 21· 281 30.121,11; 25, 30. 115, 5. 119, l. 25. 320, 8
15. 123131 183 22123. 305, 15. 510, 39 512, 21. adsiduus 75, 8
121, 11. 125, 9. 128, 81 iu eis 120, 201 25ς31. 0000001100111111010
0. 127, 7; 20. 13013. 130, l. 137, 23. 139, 22. 00100110 311 25. 3205
1335118. 13825. 137, 101013, 8. 125, 5. 118, adverbium 180, 27. 10310
27. 138, l: 13. 139. 13. 8. 119, 18. 305, 28. 308, 010001111101051010110011001
141. 13. 112, 8. Ι13,1.25.555,12.101111010 1001300105ἰο cau
11125. 118, 15. 117, 8. 80, 9. 73, 15 praepositionibusiunctalli»
119, 33. 305, 25. 51111 0000 217, 23 22. 105, 35. ex 00011015ιο
20. 512, 1701014110. acer 82, 22. 111, 1. 117,11 1·1111011010188,..910133.01
515, 9. plnrulls primae 00· 122,1. 182, 18 participiis 181,11.185,37
01100110010 10 05110 21, 3. 1000100111·0010123,51·11 praepositionibus tta
54. to. 1291311325. acetum 34. 30. 550, 31 10 231, 21.107,19. t1
301, 21. 538, 20. quartae Achates 132, 22 pronominibus 185. 37 211
000110οί10010 10 ubus 308, Achilles 11011111οι10 23, t. 11, 8.11100110179,10.111
1. neutrorum Graecorumin ll. 88. 22 22, 115. 38 182, 22 1511

000000005οη00 uwtarmrm
22. 53, 21. 123, 3. 131, 00100158.10.322,35.530, 11 12. 200, 1: 15 201, 25
1011051111, 29. ncu- acriter 195, 21 202,13.201,11;18;-··)2· l
troruru pluralium ru 10 ex activa uerba 181, 28. 105, 011,12.211,11.111,11 ·
0110111101 52, 17 113, 19. 31. 187,11 188, 22. 330, 558, 11.· 1110 0,10118 11
125, 23. 308, 1 25. 581, 35 183, 25. 192, 2000811

 

