INDEX RERVM nt vannonvtt 589

ι 3 33 485, 18 simulata 554,18 1111313333, 13. 549,10

Ι 31313155328 εὐπρέπεια 39, 24 fallor 377, l

ι 3 483. 27 Euprepes 68, 29. 542, 5 13133 13133 116,15. 192, 27.
μ μα 34, 30. 550, 31 Euripides 132, 22 199, 21

¹ epulum epulae 327, 7. 554, ena 1111113 nomina Graeca 23, falx 122, 28. 141, 19

Ι 13 1;11.41,13.533,13 1311133325. 40,7.55, 13.
,ι equester 135, 4. 147,9 εὐστομία 33, 12 547, 38. 548,6

3 er 611113 nomina 23, 33. 28, ex 611113 nomina 29,11. 88, familiaris appellationem pro-
Ι, 22. 46, 11313. 82,13. 5. 542,14 pritmtnonsen 130,14

84, 12. 85, 13. 121, 21. ex praepositio 414, 31 familias 18, ta. 107, 9. 120,
‚⁸ 11311131133331. ammonianus 1333313
¹ 3111133311. 311131133131333 ¹ 33 3111. 13111. 31313.
ξ 11, 3. 13, 1. 31, 13. 33. exano 3131 333, 13. 331, 11
’ 30. 120, 6. 122, 3. 128, excello excelleo 374, 17 farcio 247, 7. 262, 5. 379,2
³ 7. octat excidium 55413 farina 553, 21
² 133131 11, 13 exero 131, 11 farrago 33, 11
Ι ῗ131364,551ἑ1 excubiae 33, l140. 327, 35 133 27, 4. 35, 28. 309, 20.
effla, 11'2 Ι 3361126413 - 1115336335 13. 3113. 3131
¹· ergo 433, 12 exequiae 33, 9. 327, 35. 552,1
Ἑρμῆς 1041 19 5491 θ 1333131113 185, 32
ἑρπετόν 552, 32 ἐξέρχομαι 173, 10 fatigor 316, 17
1 113131, 31311 exercitulum 11.... antonomasiae
ἐρῶμενοπάροχος 133113313- exosus 387, 10 fautor 131113186, 14
Ι πώλης &manumiserimus expergello 248, 14. 262, 8. fax 42, 9, 130, 28, 141, 18
¹ 326, 13 sto, ll febris 122, 27. 129,17
,31361113319828 expergiscor 313333137611 Μ ⁸28, o. 32, 10. 35, 2.
erumna 9812 expers 295, 32 548, 14
31111111313111333133113111313113 explico 372, 18 felix 129, 3. 130, 25
perfecti temporis 350,9 31113 33. 29. 93, 4. 550,4 Felix proprium nomen 130, 25
es linita nomina 28, 27. 29, exter 38, 19 131111113014. 87, 2. 130,36
7. 31, 12. 39, 23. 67, 4. 3111131111 278. 19 13163113113111111324, 9. 84,
68, 34. 70, 0. Ι28,12, 33113311311313111311131408,6 231164
132, 11 10. 541,30. 547, extrorsum extrorsus 188,3 rere 199, 11
15. (1133331215. 40,17. exuviae 33, 9. 549, 5 · 131133 33, 13. 540, 10
67,11. 68. 7. 132, 17. ferienteis 130,1 »
304, ll. 537, 35. 539, 22. 11111313 9, 7. 15, 5. 42311310 251, 24. 261, 34.
541, 37. 544, 18 51 28. 424, 15. 429, 3 380, 9
11311113121111 “tt 3133391311· ³²⁸² l⁰s¹¹¹e 2¹⁹² 131 11
. , · s ‚ ermenum ‚
133 1'n, 11 saner tso‚’ 10 113111, 11. 113, 13. 131,
Esquiliae 33, 10. 549,6 131113 199, 31 16. 262, 2. 361, 14. 372,
lavim 364, 31 1311313490, 22 2. 386, 23. 441, 3. 452,
ἱστία 552, 6 facesso 246, 2. 256, 5. 379, 8 11
esurio 246, 21 1333113333, 12. 549, 10 ferox 129, 41 31. 130, 25
31417, l facile 133111131 114, 16. 116, Ferox proprium nomen 130,
5013333, 30. 550,6 7. 183, 15. 187, 7. 199, 25
'ethologia 28412 19. 406, 8. 556, 34 ferrum 34, 20. 93, 8. 328,
3113111266, 19 facilioreis 130, 4 13. 550, 24
31312223 1331113 114, 11. 160, 13. 1311513265, 14. 452, 15
etymologica nomina 322, 25 556, 28 1333113376, 19
Euander Euandrus 24. 7. 84, Facilis propriam 1133133 130, 13311113311113200, 3
1.-120, 6. 128, 1. 540,5 13 0331331553,36
evax 1411, 5 focio 256, 20. 349, 25. 370, fleus 45, 24. 95, 22. 128,
soff} 331, 32 1. 33313 so. soa, 3 ⁵
εὐχερές εὐχερῶς 116, 10 1331113 553, 21 fideus 279, 2. 4428 ’ ,
εὐγένεια 548, 9. 553, 22 13331131 183, 16 6633313131 35, 15. 40, 0.
3311039413 faeles 1113113 40, 2. 47, 16 55, 12. 69, 18. 70, 16.
evito mo faenum 32, 10. 548, 14 542,8
Eumenes 68, 29. 542, 5 faex 141, 18. 5528 fldes λύρα 40, 3. 69, 18.
Eunus 23, 32 sagus 128, 27. 130, 3 70, 16. 542, 8
coopello 33, 12. 549, 10 falanx falango 108, 3 fidicen 2813. 38, 7. 87, 15.
Euplufl 23, 32 , Falaris 130, 7 541, 24

 

