588 1110311 RERVM ET 1333011111

difficulter 183, 17. 187, 8ἰ dummodo 227, 27. 32334 {lawr 34, 22
aaa, 10 · 2... aa, 25. aa, 22. aa, 20 {aaut 5512
01111110 248, 11 120, 13. 127, 3. 543, 8. ainaim 45, 2
digamma 422, 21. 425, 32 551, 12 aaa 122, 0
digitum pro digitorum 120, duplex 127, 12 elegantia 32, 5. 327, n ¹
25 (10010020 4233 {lama 542, 15
0100001000 123, 13 aare duriter 72, 13. 113, 23. elegia 484, 17
di 00001000400,18.401,0 110,11. 127, 22. 400, 30. elegiam metrum 522, ³⁰
δταιο232, 11 “ 55010 elementum 421,17·
alutam 33, lu. δίκτυα 548, duumuir 24, 21 elephant 0100500101 12111
aa 510. 20. 20 0.......000 222, 22 ’uacum aaa, 10
diligens 120,0 00201· 202, 18 ι 1101, 34, 10“
(11111100 327,35 00021 45,11 iae 32, 5
1110211101 180, 20. 407, 28 ellipsis 271, 4. 450, 12
(11001110 50218 0. 11110202,4. 1230. 42413 eloquentia 32, 5. 327, a
dirae 33, 0. 5435 000110 0002102228, 3. 47, 3. 548, 0
uana 2105 51, 22. aa, 20. 50, 25. ut, 01.. aa. 1. 510, 1
(111020101101288 20. 122, 13. 0001122010 12210405
disca 244, 1.257, 1. 202, ania adverbia 112, 18. 31100ρο035517 ¹
0. 505, 3 127, 28. 203, 23. 400, 14 fiac 553, 24
aia-raa 11021 e ‹pouuo 251, 22 ...ι 210, 20
discrimen 554, 12 figas* 542, 12 ἔμβασις 552, 18
discrucior 311,17. 318, 25 ,fia 70,-1, 54212 “ emblema 532
dispendium 554, 12 012000010002010120000173. emendate 122, 1
disputatio 5531 21 ἡμέτεροι 548, 31
distinctio 437, 14; 20 Ebria 52, 11 amo 240, 7
diu 207, 17 0005100 10818 emolumentum 55413
0110151001 40110 ectasis 278, 25. 442, 1 l atuor 552, 33
dives 312, 10 ecthlipsis 270, 12. 442, 25 μπορία 552, 14
divine (1011111111 31210· 101. 011000110818 00 finita 00021122 281211
2, aaa, 25 auo auo 200. 22 211, 20. 512, 22
uvaia aaa. 12131. 51111 aa> 202,21.112,2.101,12. hamata 5500
1110020217 380, 22. 01101387, 3 ἔνδον 111, 17
do pra domum 278. 21. 111. ἕδρα 40, 4. 551, 41 ἐνήλατον 553, 27
34 educar 377, 3 enisus enixus 375, 10
110 aeriam 130. 11ι 21311· adalia 58, 10 lv πρώτοις 405. 30
215, 0. 370, 25 ἡδύοσμον 553, 23 eas ssaita uomina 2811
2.... aaa, 20 ,anuum 2οι, 22 aa, 2
dulium 70, 27 «41100010 128, 30 ausis 00510010 cusia-ulus 51.
(102220 243, 0 10000 554. 32 17. 155, 17. 535, 24. 551.
110201254522. 120, 22. 188, 1000ος 540, 23 38
12. 232, 5. 307,10. 308, aga-ns 127, 20 1220021002 505,2
4Ι 4058 1020105500 enula-manaa 131, 10
donaria 33. 20 ago 128, 5. 158, 4. 320, 34. ἐν τοῖς πρώτοις 110, 23
1101200 127, 15.227,18. 303, 557,17 ἐνύπνια 101,18
10 00022201 ipsa 200, 23. 271, 17 0002250121 173, 3. 247, 15.
donicum 107, 15 011002 238, 24 201, 0. 300, 28. 50530
(ioasi 554, 31 01200 238, 24 00 001121 verba 505, 32
110115110000440,8 0120 238, 24. 231113 5102100020 554,12 . Ι
draco (11111011001 110ιῖ0· 01 1110111022οω 427. 14 epanalepsis 281, 18. 44511
1100000120 328, 28 01 01 interiectio 232, 23 epenthesis 441,5
dramata 420. 21 aaut 33. 15. 5·10,15 Ἠφαίστια 34, 10
0001 01011 00111010 11. 1· 01020 108, 18 ἐπίβασις 5520
8-1,18. 540. 1 01201ος 32, 14 ἐπιγαμία 554. 10
11000512 551, 1 εἰνάτερες 5-10, 15 ἐπιγονή 40, 4
(100Ιί5 muna-rus 153, 27. 301, εἴσβασις 552. 0 0011)·00110110 27110. 441, 10
21. 334, 20 εἰσέρχομαι 173, 11 {nardum ἐπιτάφιοι 3311-
(1110000011000 250, 20. 340, εἰσοδιασμὸς 553, 10 540, 10
25. 503, 20 ἐκβολή 554. 20 00111201022 155, 31. 213, ’11-
2100100 bauo ἐκδικία ἐλευθερίας 33, 21 323, 0. 452, 8. 5301
dum 227,12. 323, 10 1122001301 54110 ἐπιτήδεια 540. 1
dumea-a 253, 3. 34417 01 1122110 aomina 28, 5. 541, 0οἰ11000287, 4
damatam 553, 31 22 epizeuxis 281, 21. 440,0

 

