Χ

unni 111111 11 1111111111 eor

1111135,28.75,1511154.327,1111141148412 14111411 Gallus 489, 12
22. 548, 15 1111111111511154, 14 rostra 34,.·3 328,.9 550, 43
1111451195] rare roro rarius 11141141111314311142,12.553,7

111114151475, 15 192, 21. 217, 8 11441115141114411111 142, 15

pyrrichius 475, 9 rarenter 217, 14 143, 1

Pyrrichos .,478 rastrum 554, 20 rudis adiectionem 143, 44.

421111147515 141401111541, 35 442, 8. 443, 4. 155, 25.

pruneriensem ratis 47. 25. 305, 24 457, 7. 535, 28. 5538

· 91454111111111495, 4 reeens 114, 20. 245, 28. 11141132, 42. 327,24. 548,
πυτία 554, 11 555, 35 15
pytisso 345, 23. 423, 1 111111511189,20.457,28 1181135311
· 1114144111 99, 49 111111111114111215, 25
1141411118, 48. 10, 18 407, reciproci versus 515, 24 1111115539
(·.33 423, 15. 425, 18 11114157,11 1111111111111111245,34
quadrigae 327, 34 545 2 1111151553, 9 11132, 12. 9320. 144,22,
111111141122,19.535, 13 1114411111 99, 19 121, 3. 135, 9. 142, 18.
(1111111225, 31 refert 341, 25 488, 15. 232, 4. 309, 22.
(11111144111141245, 22 4111111130 455, 5. 548, 15
qnam 1111114111 245, 19 111411 55, 5. 328, 28 1111111111111172, 19
quamquam 227, 28. 393, 32 1111114111111114111150,5 11111553, 25
111111111141311181115111111113111114151
qnando 141, 23; 27.225,11·Ι1141·11 verborum 11111411119111111 989, 4 438, Ι

’24 445,14 353, 19. 395, 14 Γ1473, 24. 474, 7. 543, 1
1111115245,15 11441111114411111205, 17

(111111124527 religio relligio 441, 7, leri· statera 499, 39. 493, 3,
que 433, 20 gio 452, 32 425, 25. 425, 40. 429, 25
(11111247,17.111411111114111114411141133,19.549,28.811541111111103,40
sum 385, 47 relliquiae 205, 13. 452, 5. sacerdotium 554, 95
quereus 338. 5 ·· 411111111452, 31 Sacraria 47, 5. 435, 17
1111400,30.133,2.158,24.11111111 88, 25. 144, 8 11111141141111111441144111111111111-
152, 3 reminiscor ²43, 14. 31513. prium nomen 143, 8
1111411410,4 380, 27 saepe saepius 217, 18
1111411 551, 4 ren 387 saep 41 247, 8
quies 55,4.140,.4 128, 13. repens repente 144, 49. 555, σαγηναι 549 32
142, 3. 547. 33 35 sagum sagus 135.17
914111111111 33, 3. 327, 34 111111114111247,3 Saguntinorum Seguntium
Quinquatrus 84, 20. 548351111111411 550,13 143, 9
quintus 4111 ensrmus 73, 3 111111111111111111111111411114532 114 1111125, 22 33, 3. 42,
111111111ωέ1,ἒὸἳῖ 30 11111141111421, Ξ. 3⁷3, 324. 428, 1148153512. 327, 13, 31.
11171 S 9
548, 34 res 45, 5. 57, 11 1114111427,45
quiritoq uiritor 381, 22 reses 20. 4. 70, 9. 132, 2. Salii 475. 15
11114150,30 158,24.152,1. 541, 35 salinae 33, 23. 549, 34
250, 5. 454, 3. 558, 14 11141141235,13.378,18 salio 24520. 374, 5. stae
quisq nam 133, 23 11114111 123, 4 111141·1553,11
1114111144411133,19.328,4.11411114111141114113320.51140875, 45
545, 27 51, 45. 142, 42. 543. 28 1151111111 255, 15
11111245, 1 retrorsum retrorsus 188, 4 salsus 114114111375. 10
111114111411411 245, 7 rex 43, 19. 54, 25. 88, 25. 11411254, 20. 348, 33
qno loco quo loci 409, 1 444,18. 144, 8. 328, 28 11411135, 45
.111111411111440,4 141411 244, 14. 383,7 salutaris appellatiowaetpro·
111111111111111435,7.180,01411128,13 38, 7. 87, 45. primariorum 4435

541, 21 salutariter 218, 28
1544111425, 22. 452, 30 1114111553, 24 11111141 247, 14 371, 45

11541132, 7. 327,24. 548, 3411111 555, 17 11111411141130, 4
45 1441247, 45 111111515111

Radnmsntlrus 473, 5 rix llnita nomina 4111411411 1111119188
1·“11441·11111219, 20 44, 3. 50, 1. 543, 34 1111111141 sanguen 33, 20.

ratlix 124, 30. 441, 14. 1·“151132, 42. 548, 15 327, 18
327, 12 , (4131111 554, 28 11111131,7.321,41.148,

1511124520 roras rorat 379, 25 40 0

15111111111111411137,44.155, 1111101441111114115111111243 sapiens 48, 40. 185, 3.
15.325,.,.,285352455137 45,.782,.,.158417540,1 5451

1111111111 aaron 1. 35

 

