innuit 1111111111 7030011711 587

consonantes s, ’2. 122, 21. nnnpnsnnn 201121 andern 21410
428, 20 cunabula 33, 28. 328,10. deleo 248, 4. 375, 27
consternatam 5503 . (101101ιο 33,11.321,30.0411,1
000210 247, 27 cunae 33, 8. 327, 35. 540, 3 delirus antennam, 10
0002000 2531033. cnpo 000003, 10 Δημήτρια 33, 28
0002001030 51, 3. 123, 4. 001010247810 ,111010011νο 0011110004, 2. 155,
183, 17 curriculus curriculum 77, 11 111. 325, 25. 535, 10551,
0002010112124, 18 00110 245,,1. 257, l 32. adverbia 405, 25
00020110 102, 27 cursim 180, 17 Demipho 84, 31
consuo 244, 20 001201 00101111 tt, 12 demo 2411, 1
contagium contagio 71, 12 custodia 107, 12 (1100110130010110400, ¹8: 20
contero 202, 0 custos 91, 32 denarius 78, 7
continens 125, 13 00112 553, 18 denseo 282, 4
continuatio 430, 27 cyma 50,8 deponens 105, 18. 108, 20.
00011000 continuatim 200, 5 337, 23. 502,5
000110 23210 3 littera 10, 3. 112, 0. 424, deponentia activa declinatio-
coritubernslis 124,14 - 0. 441,18 00 0003 0010102 0000110111
conubium 554, 10 Dactyli 13001478, 10 4011, Ι
conviva 52, 0 dactylus 478, 13 ,110000101502 13
copiae 33. 8. 54114 deiparae 32, 24 deprecatio 053, l
copies 11319 onnnnnnneneus 17025 oentnnatvn nomina 111, aa.
corbes 40, 2 3010002 damnatus 120, 20 32310. 535. 10
cornu 30, l. 05, 30. 001002 dapes daps 33, 0. 40, 2. 03, 30202 20,4. 132,2. 541,35
maa 11. 51115 onntnn 202, 2
00100000 cornicen 17, 4. 28, 0005012140, Ι. inventor bu· desipio 230, 13. 378, 18
14. 38, 0. 87,10. 43010. 0011010010111112 487, 8 daupei 552, 7
541, ²4 dapsilis 1227 δεσμός 553, 32 .
conone 211511 · dapsiliter 11101 dexter dexterior 151111. 322,
cortex 32712. 453, 35 Dardanus 200, 25 32, 538, 10
Corybantes 478, 10 Dares 542, 2 “ (100010017311
cotidiana cotidiano 111013- dativus singularis 0111111030- 1,αρή,ης 55117
100, 27 · 0110οῑ10012 10 01 18, 18. (1180090275, 10
cotidio 103, 20. 100, 7 538, 24. 100 20, 10. 304, (1113010042,’32153,11-544,38
crates 33,8. 327135. moja 10. 3⁰82 35· 5⁸8, 171 διαδοχή 55², 18
crepundia 33, 20. 328, 7. quartae declinationis 10 0 diaeresis 0711, 4, ,110, 11
550. Ῑ 45. 13· 1151111111οΝ0 111111· dialogismus 2050010 283, 21
0100111011111111 551. 11 corum 10 00 543, 22. 010· 1,,,10010060 11111, 1
cresco 217. 25. ⁶262, 111 natis 0111111111 (11111210 215, ta. 183, 0.
01010 553, 19 dato 255, 20 0 401), 33
creticus 470, 13. cretici& unanimitati dialyton 283, 0. 44115
versus 513, 21 (10 234, 21 Diana 442, 4
Cretes Cretenses 124,12 300 deabus 54, 10. 148, 25. 5100000110112436,23. 51000
criminor 50212 304, 24 4317, 411
0112111203, 32. 313, 12 decemviralis 127,0 &canopei 554, 13
011210552, 37 decens 308, 30 διαφορά 554, 12
crocum 32, 10. 327, 31· 30001 20114 diaria 33, 20. 5503
548,13 (1001100110 nominum 18, 7. dins1010435‚10
0100132, l. 548. 3 303, 8· 3118. ¹²· 531115. 3101000 3110, 24. 328, 24
Ι01011 141, 1180540, 20. 552, pronominum 158, 3. 101, din-le 00020 30, 141. 31012
37 8. 320, 32 crgo 03. 27
00111001οτ0210510010110711.21 decollo 305,4 3100 310 3100 250, 20. 340,
0000010 240, 14 3000101108, 2 25. 533. 10
cucumis 553, 18 (10 00000010 107, 13 310110 10, 28. 4300
cudis 552, 37 3000102 40, 0 add. llido 03, 18120. 04, 15.
...0014500011210010 300011011111 185, 28 117, 27. 127, 17. 137, 30
- 001100 553, 10 300022127011 , 310001023100010110, 13
culleus 553, 34 dedita opera 107, 0 diequarte die quarto 81, 30.
00101011 553, 33 defectiva verba 248, 0. 3411. 215, 15
0011000 552,5 11. 350, 10. 502, 1 ilias 31, tn. 110, 8. 304,34.
maipa 32,4. 327,20. oddo delinitio 152, 1. 420, 24 347, 1⁶2, 5⁴7. 19, dii pro
cum coniunctio 220, 5. 302,3 defricare 108, 1 3ἰο 20113101 120, 31
cuin praepositio 232, 33 3011010111 34, 30. 328, 23. difficile difficiliter 114, 10.
0010101035. 143, 31 550, 31 51111, 34

 

