' 908 11101111 RERVM ET 7811308911

nominum 198, 4. 329 39 ,,ιιι222 28. 227, 30. 394, 1. Xenophon 118, 24
330,.,133113.,99717;22 498,ὶο {v μα’,φιοα99324
volo ιιι298 18; 28. 290,9. uter ιιαιιοιι229, 14 940, 19
282899911389,0 ιιιιιιμωιιοιιιειι198μ28199,91ι“ιιινα8,20.11,9.109
ιιΙοιιΙιι299 19. 2909 9 9994 28. 422, 1. 429 7
292, 9 uterque 89, 28. 198, 20 ὑγρασία 992, 12
volneris 149, 28. 147, 9 utilia αμμι1ιαι1οιαιι οι pro- 92194994, 39
volvo 290,9 prim nom 149, 17 9414 992. 22
volup 492, 27 utinam 994, 11 &ninom 3919928 949,
volutans 292, 21 utor 292, 24. 299, 11. 911, 19, 99
vomis 89,10. 992, 22 12. 318,12 ὑπερ9ιματισμός 593, 5
vorsus 193,7 utpote 229, 21 θυομένων 949, 99
vortex 88, 18. 992, 21 utquam maxime 229, 91 αιτόσζισις 994, 29
votum 994, 32 ιιιτίιιι19224, 14 ὖιτοχονδρια 34, 9. 959, 13
,Votun'us 199, 7 utrubi 223, 29 ὁκοχωρη monete 992, 20
vox 429, 8 9919999114 34, 10. 42, 28. ιιφασματ ματα αρα ραχιιῶα 94929
ιιι fluitanomina 391389, 92, 10. 328, 12. 990, 18
19. 944. 9 vulgus 21 19. 32. 14. 49, zeitterass. 20. ll, 9. 422,
urgeo 244 14 282 2 17974, 20 79, 4. 149, 1;91. 428, 8. 4999
uro 249,1 13. 147, 1. 927, 13. 998, ζειὶ 990, 28. 594, 14
ιιι 1191ιιιιιοιιιίιιιι 22, 8. 30, 99. 948, 17 ζιιᾶ 990, 28
19. 91, 2. 44, 21. 74, 9. vultur vulturnu vultanus 98, zeugma 280, 9. 444, 4
195,10 14912 538‚³1. 9, 147, 10 ζεῦγος 42, 19
944,.8 947,9. Graeca 23 ux finita nouum« 90 21. 87, Zeuxis 89, 14
9094018 8. 944, 10 {ahmiu 992, 17
usquequaque 222, 3Ι. 223 5 ζυγόν 33, 39
9491999913 x littera 8, 12. 422, 30. ζυγός 990, 9. 553, ὃς 37
usurpativa species verborum 429, 34 . ζύμη 994, 14
399, 29 x finita nomina 92,24. 124, ζωμος32 19.948,14. 999,
ιιι finita nomina 30, 20 28.127,13 38

 

