1110011 11011101 ΕΤ 1000011111 507

numeri nominum 18,1. 153, οἶνος 31, 20 ordinatim 185, 20
20. 301, 18. 531, 14. aloc 333, 22 5111151377, 01
pronominum 157 31 320, 51 1111111115 noman 30, 1. 51115 552, 15
14.15111515111334,21 513, 24 arg ia 34, 3. 550, 11
nummus 50,0. 70,8. 04, 0. 515500, 8. 5155115551, 18 ο11511515111531,20.328, 13
100,15.307,18 oleo 200, 11. 310,11. 383, ξρκος 553, 37
numquam 180, 3 15 55115055 553, 12
nundinae 33, 17. 328, 3. oleum 34, 20. 93,.8 151, 1. ὄρμενον 50, 12
540, 10 328, ΛΞ. 550, 30 supraema, 1
5551155552,14 zomon 48, 8. 553, 4 51115155 552, 10; 30
nuptiae 33.10.03,5. 328, 51115008 315555. 17
2. 540. 18 olivetum 554, 2 01511155 20, 10. 08,2. 132,
nutrio 451, 28 51115 554, 25 22
nutrix 5511111111 44, 7 . 011155 321, 30 ὁροθέσια 550, 15
11111151,25 141,18 5111103, 7. 205,8 5551351
νυκτεριν51 δαίμονες 32 23. 515 383, 15 ὄροφος 553, 33
548, 30 011 mp 15 09, 15 51155 552, 15
ὅμηρος 40, 15. 511, 35 511 za οροζα 31 24. 550, 20
51111515ομ5 10,5. 35, 24. 5111115552, 18 5501111115 1155115530, 0. 00,
103, 0. 348, 33. 350, 38. amuis 137, 21, 130, 13, 22. 24. 01, 31. 513, 37
383, 2. 425, 13. 433, 2. 110, 17 51051151515155111555524,
435, 22 &poenica 305, 21 23. 84. 2. 1281
5 finita nomina 20, 25. 38, 55 finita 5515155015555 30, 55 5115 42, 15. 130,7
22. 44,20. 03, 8. 118,.0 2. 05, 1. 02, 0. 118,3; as 55515 30. 1. 12, 15. 55,
543, 4. 545, 3. Gro6ca 11.131,31’.513,15.1 138, 18. 540, 37
03,17.04,14;20. 117, 5551151011 oscen 105, 4. 130, 11
24.127,17.137,30 303, onager 46 16. 82, 18 5515151502,13
27. 300, 2. 543, 18. 511- 5ναγρος 10, 10 82.18 osp 1551 383, 0
verbio 400, 10 onomatopoeia 274, 24. 400,] oasa 30,1.130,1
5 interiectio 240, 11 ὄνθος 548, 4 ossum 55, 7. 138, 18. 510,
5851151155 30, 1 5111155542 37
obiectus 552, 15 operio 217, 0 ostendor 370, 2]
511115120012 . opes 33 17. 30, 15. 151, 5515515 3703
5ὺί51353202 10. 300, 10 535, 10. ostentui 180, 20. 407, 28
obripio 5515153007 540, 20 55115530, 1. 42,10
obsepio obsipio 383, 10 15φὲ1115 551, 13 5511515554, 20. 5511110811
observans 00, 28 5115131554, 20 Ostia pmpriaon nomen85, 8.
observantias 118, 20 ὁποῖος 333, 22 0814
51155520,4.40,15.70,12. ὀπώρα 554, 25 ostiatim 200, 1
132,2 541, 35 51151151240,15.380,28 ὄστρακον 35, 32. 00, 5
obter 230, 18. 231, 22 555111520020 5511555511555157, 21
5511515200, 5 055478, 21 osus finita 5515155320,10
occasus nomen 15, 11 ὄψον 100, 11 5501511155 200, 11
5555555 participium 202, 18 55151115515511115310,3.502, 551115νοὶρ15ν 552, 34
occino 373, 23 Ι)32 ovis 553, 24
5555152001 5111111515532,20.141, 28. avo 370, 23
51511555151111155320, 8 327, 20 548, 33 5515 τῶν ὀδόντων 510, 12
ὦχριῶ 243, 20 opulenter 200, 24 o6powt'ouoo 554, 3
ocimum 551111557217 511115 ast 316, 27 οὐρανίωνες32, 17
5515155155115115 321, 30 51111115 nomino 30, 4. 43, οὐρανός 34, 15
octonarius 70,4 24. 14, 3. 50, 1. 85, 23. 55515 33, 13
actuosis 70,4 110,1. 121,5, 130, 10. 51115115551515530,0. 02,
oculissime 100,3 513, 28. Gaaeeo 43, 28. 17 544,1 ·
5551115 320, 8 80, 1 131, 28. 543, 33 51513130
5111257,11.387,10 515115 152,10.300,10.511115130,15
5111555200, 23 533,1. 553, 8. partos οξοσχοινος 552 0
ὀδμή 552, 15 orationis 152,13.Ρ300,
51151 552, 15 25, 533. 3 [1111151510,14.125,11
odarius 43, 7 51515115 183, 3 pabuium 554, 20
0515555321, 30 orbis 122, 28. 130, 17 πάχνη 551, 15
51155115 310, 22 ὄρχατοι 518, 20 [155151155423
5105555210, l 5111511111 31, 21328, 20555511 145, 5
5151111511 34, 30550, 31 550, 28 paelex 121, 30

 

