INDEX 1181191101 1811308111 595

110100113ρο 364, 29. 565, 24 merx 42, 11. 553, 22 mollis 130, 27
1111011110 34, 9. 550, 16. 0101010554, 9 001111101118, 16

μάστιξ 554, 15
: 0001005546
“ mater familias 107, 9

mesozeugma 444, 14 0010 244, 25
1111111131 11 1111111312212

. materies 31, 18. 305, 4 metalepsis 273, 5. 458, 7 0100110 554, 1

’ 547, 24
0101011204, 25

ξ 00101111011205, 12
“ 100101020517

metallica 3-,1 19.328,12.μονόφ1207110040,14
550, 23 0010110010180110.

metaphora 272, 8. 457, 4 309, 14. 535, 25. 5518
metaplasmus 205, 7. 277, 24. monosyllaba nomina 42, 4.

maturrime 114,15. 205,17. 440, 27 47, 22. 141, 17. 546, 17

55631

., Mavors 2788
¹Mourieotim 206, 7
meatim 186. 1

metathesis 279, 19. 442, 31 mons 122, 28. 137, 23
metior 378,8 moro sive medio distinctio
meto 244, 26. 251, 34 307, 438, 13

26.379,16 mordeo 244, 20

medeor 313, 20. 319, 3. metonymia 273 10. 458,13 1001111001 205 8

38028

μέτωπον 130, 31 00111 32, 23. 327, 28.

medis distinctio 437,·17. 00101378, 8 548, 30

43813
medicamentum 554, 19

metrici modi 501, 29 0010101 32, 12. 548, 15
μέτρον 553, 23 001010010 4110, 181 22

mediocris 156, 26. 536, 28 metrum 289,.4 474,1. 500, mox 204, 32

mediore 205, 5

19. 513, t'. in orationibus mu 240, '3- 8

0101101111101110 346, 1. 561, 468, 5 010010001110182,7

1111911101 377, 18
μέγεθος 553, 22

metus 35, 13 550, 37 mugil 107, 6. 136, 22
00011119.136,15.159,001111001111101 304, 24
17. 331,13 mulceo 244,12. 504, 28

10110245,11.262,1. 309, 11 0101111111, 9 mulgeo 244, 16. 564, 31
mel 28, 0 34,28.35,3.01100 553, 24 00110611101206.17

93, 10. 550, 30
Melampus 23, 32

01011110 5537 mulsum 34, 29. 328, 22. ‚

mico 24310 550, 31

1111000100 34, 27. 546, 36. 1011100 34, 26. 328, 20. 010110 206, 4

551,17
0101010377,18
pite 34, 26

550, 29 000110 204, 29
01001 tuomst, 14 0001101. 22, 14
01101133,16.549, 16 munero muneror 3822

0111011002)οἕ1100155020 0101111127,15 munificus munifex 81, 3
membratim 185, 36. 407, 8 010 go 369, 11 muris 34, 30. 550, 31
memini 258, 13. 358, 21. minime 206, 10 0101111010 5541

387,16
Memno 64, 20. ,131, 35

01101010 34, 26 100101 440, 13
minore emptum 109, 10 0101 103, 29. 137, 4. 546,

01001 43, 28. 85, 27. 114, minores 5418, 31 23
23.119,1.136,19.183,11111010206,5 museus 32, 2. 327, 19.

255641

01111101255, 10. 3136 548, 5

memoris 32, 6 327, 21. 1011111100 252, 15. 343, 0 mustum 328, 23

5488

0111111253211398, 14 mutae 1111011108, 14. 423, 8

memoriae detritio 419, 22 misericordis 35, 16 0010101240,28
010011011114,24.556,410110155338 100100 00100 205, 15
00000111114,23.183,2.1010115917.331,13.561,4μο06133.23

205, 22. 556, 40
mendax 127, 14
mendiesbulum 554, 18
0101100 1011111172,23
mensa 56, 17
mensura 553, 23
ments 553, 23
Mentor 131, 28
primm 553. 22
mercatus 552. 14
merces 42,11
mergo 245, 19. 262, 4
mergus 552, 12
meritum 554, 18

000101600010101013468 mycterismos 2841
μνῆστρα 34, 7 0100011001 453, 4
00116055310 ponitis 540, 22
moderor 319, 2 110011ωο554, 1
modi verborum 168, 2, 262, 011101 22, 5

25. 338, 5. 388, 11. 562, μῦς 546, 23

21 Mysis 137, 21
modice 206, 11 strigo 565, 11
0101110156,6.100,15307,

18 01111100 425, 10
modulatio 439, 10 01ἱμα 553, 27
modus 552, 29 01160552, 30
moenis 34,2.93,5.154,1. 011142, 12 546, 30. 553,7

328, 7. 550. 10 narcissus 453, 36

merula merulus 57, 16 (r. 10011111 135, 15 0111133, 17. 328, 2. 549,

aad.)

moles 553, 22 19

 

